000012
000043
000075
000122
000135
000152
000212
000242
000250
000272
000315
000422
000452
000722
000752
001022
001255
002121
002141
002171
002322
002765
003331
004121
005215
005275
006275
007255
007265
011221
011421
012121
012221
012241
012271
012321
012421
012431
012441
012451
012461
012526
012571
012626
012671
012721
012751
012761
012771
013341
013421
013541
013721
014221
014251
014321
014331
014351
014421
014531
014621
015271
015721
016421
016571
016721
017221
017251
017521
017561
017621
017721
100011
100121
100211
100244
100277
100424
101121
101211
101221
101244
101251
101277
101521
101551
101727
102021
102111
102121
102131
102161
102211
102244
102277
102324
102414
102424
102434
102464
102511
102527
102543
102577
102717
102727
102735
102757
102767
103725
104214
104224
104254
104264
104523
105121
105211
105244
105277
105424
105511
105577
105727
106121
106211
106244
106277
106424
106727
107207
107217
107227
107257
107267
107527
107557
111121
111221
111244
111251
111261
111277
111521
111621
111727
112121
112131
112151
112221
112244
112277
112321
112331
112424
112434
112521
112534
112543
112577
112626
112727
112735
113221
113231
113321
113331
113524
113531
113725
114211
114224
114244
114277
115277
115424
115727
116244
116277
117227
117257
117267
117527
122244
122277
122434
122737
123244
123277
123377
123434
123733
124254
124266
124333
125277
126276
127337
127357
133340
133370
134357
135377
200012
200022
200032
200042
200052
200060
200071
200122
200152
200162
200212
200222
200234
200243
200260
200272
200324
200423
200452
200463
200512
200542
200575
200612
200620
200643
200672
200722
200755
200762
201022
201122
201222
201262
201422
201522
201722
202022
202032
202052
202062
202073
202112
202122
202132
202152
202162
202172
202212
202222
202232
202242
202272
202323
202422
202432
202442
202452
202462
202512
202525
202576
202620
202650
202712
202722
202732
202755
202762
202772
203122
203222
203422
203452
203462
203722
204122
204222
204422
205022
205122
205422
205620
205725
206122
206212
206422
206432
206722
207122
207222
207526
207722
211222
211522
212222
212232
212242
212252
212262
212272
212323
212572
213222
214222
215222
216222
217222
217522
222242
222272
222342
222372
222432
222442
222572
222732
222752
222772
223243
223273
300002
300013
300022
300032
300045
300074
300123
300213
300231
300242
300272
300322
300421
300722
301021
301250
302123
302321
302423
302521
302723
303221
303231
303321
303331
305210
312123
312423
312521
312723
324243
324251
324273
325271
327273
400001
400021
401020
401120
401220
401250
401420
401520
401620
402110
402120
402150
402160
402210
402221
402321
402510
402521
402610
402626
403120
403221
403231
406120
412531
425344
425377
500000
500015
500025
500043
500050
500065
500077
500125
500152
500165
500215
500232
500245
500255
500275
500322
500425
500465
500512
500525
500575
500615
500645
500675
500725
500755
500765
501262
502025
502056
502066
502125
502130
502152
502165
502212
502272
502425
502465
502725
502765
503120
505066
505122
506125
506212
506425
506725
507222
600000
600125
601266
602025
602056
602125
602152
602162
602220
602425
602456
602520
602725
602756
605122
605426
605726
606122
606216
612220
612520
612275
617225
622240
622270
624250
625275
700001
701020
701120
701220
701250
701420
701520
701620
702110
702120
702150
702160
702210
702221
702320
702330
702510
702520
702610
702626
703120
703320
703521
703530
705210
705120
706120
